Table 1: Bond Length and Supplemental Bond Angle Theta
Index  Atom  Bond Length  Theta
1      N     N/A          N/A
2      CA    1.498        110.809
3      C     1.532        116.595
9      N     1.329        121.194
10     CA    1.456        103.893
11     C     1.522        115.237
15     N     1.329        122.847
16     CA    1.46         110.865
17     C     1.532        116.025
21     N     1.33         122.954
22     CA    1.466        112.251
23     C     1.526        117.18
27     N     1.33         121.036
28     CA    1.456        114.172
29     C     1.518        117.185
36     N     1.325        120.013
37     CA    1.455        111.143
38     C     1.542        117.061
47     N     1.335        121.271
48     CA    1.467        111.918
49     C     1.524        116.185
55     N     1.33         122.152
56     CA    1.46         109.371
57     C     1.529        115.914
60     N     1.331        122.019
61     CA    1.458        108.96
62     C     1.53         116.119
69     N     1.327        121.411
70     CA    1.458        112.452
71     C     1.534        116.833
78     N     1.335        121.594
79     CA    1.457        108.271
80     C     1.526        115.771
86     N     1.328        121.764
87     CA    1.453        112.163
88     C     1.528        117.004
92     N     1.333        120.652
93     CA    1.46         111.983
94     C     1.524        116.523
100    N     1.33         121.799
101    CA    1.46         109.271
102    C     1.524        115.283
108    N     1.329        123.343
109    CA    1.46         110.98
110    C     1.529        116.224
117    N     1.331        122.102
118    CA    1.46         109.501
119    C     1.512        116.029
128    N     1.332        122.346
129    CA    1.461        106.967
130    C     1.511        116.621
136    N     1.341        123.204
137    CA    1.461        114.564
138    C     1.519        116.655
143    N     1.345        119.618
144    CA    1.461        107.183
145    C     1.529        116.202
150    N     1.32         120.385
151    CA    1.445        115.081
152    C     1.535        117.371
157    N     1.329        122.082
158    CA    1.464        114.406
159    C     1.533        116.174
163    N     1.329        123.223
164    CA    1.458        105.522
165    C     1.534        117.441
169    N     1.331        123.294
170    CA    1.471        107.575
171    C     1.536        117.068
175    N     1.334        122.027
176    CA    1.465        114.796
177    C     1.521        116.263
180    N     1.328        121.063
181    CA    1.451        110.055
182    C     1.52         118.736
184    N     1.343        118.32
185    CA    1.466        116.48
186    C     1.525        115.518
191    N     1.327        122.133
192    CA    1.456        107.724
193    C     1.519        115.846
198    N     1.324        119.065
199    CA    1.442        101.619
200    C     1.513        117.653
202    N     1.32         120.019
203    CA    1.456        108.593
204    C     1.517        115.025
210    N     1.328        122.19
211    CA    1.453        106.823
212    C     1.528        115.216
218    N     1.325        122.217
219    CA    1.451        114.756
220    C     1.532        117.454
226    N     1.332        122.3
227    CA    1.465        114.387
228    C     1.522        116.25
238    N     1.324        120.772
239    CA    1.445        107.85
240    C     1.516        115.165
248    N     1.324        122.643
249    CA    1.447        111.685
250    C     1.516        115.269
262    N     1.323        122.194
263    CA    1.444        104.274
264    C     1.523        116.741
271    N     1.323        120.787
272    CA    1.454        109.275
273    C     1.517        115.414
276    N     1.326        121.396
277    CA    1.452        107.049
278    C     1.512        116.191
282    N     1.324        121.113
283    CA    1.449        108.387
284    C     1.514        116.593
290    N     1.332        122.208
291    CA    1.463        108.129
292    C     1.509        116.444
298    N     1.328        119.958
299    CA    1.451        109.061
300    C     1.517        118.681
302    N     1.34         121.046
303    CA    1.465        110.226
304    C     1.524        117.142
309    N     1.33         121.279
310    CA    1.462        111.838
311    C     1.531        115.705
314    N     1.326        121.941
315    CA    1.458        111.834
316    C     1.529        116.615
322    N     1.327        121.515
323    CA    1.459        109.677
324    C     1.525        117.504
328    N     1.342        118.615
329    CA    1.463        111.485
330    C     1.534        116.024
335    N     1.335        122.711
336    CA    1.462        110.049
337    C     1.522        115.877
347    N     1.329        122.53
348    CA    1.459        114.069
349    C     1.529        115.818
352    N     1.332        120.566
353    CA    1.452        115.244
354    C     1.515        116.77
356    N     1.332        121.063
357    CA    1.454        112.26
358    C     1.519        115.64
360    N     1.331        122.149
361    CA    1.455        109.305
362    C     1.523        116.282
367    N     1.332        121.692
368    CA    1.462        114.708
369    C     1.519        115.706
378    N     1.33         121.662
379    CA    1.456        111.695
380    C     1.516        115.475
389    N     1.33         122.79
390    CA    1.457        110.837
391    C     1.513        116.586
397    N     1.325        121.455
398    CA    1.457        104.796
399    C     1.525        117.422
403    N     1.329        120.819
404    CA    1.465        115.182
405    C     1.519        116.267
411    N     1.329        121.31
412    CA    1.461        111.525
413    C     1.53         116.493
421    N     1.33         121.235
422    CA    1.459        112.045
423    C     1.528        117.473
432    N     1.346        119.518
433    CA    1.463        108.23
434    C     1.522        116.809
439    N     1.329        120.883
440    CA    1.454        112.232
441    C     1.524        116.038
446    N     1.331        122.982
447    CA    1.466        113.113
448    C     1.536        115.851
454    N     1.331        123.543
455    CA    1.464        106.862
456    C     1.536        118.305
466    N     1.341        132.201
467    CA    1.468        114.811
468    C     1.532        117.245
473    N     1.322        119.14
474    CA    1.449        110.936
475    C     1.517        114.971
484    N     1.331        123.23
485    CA    1.46         104.153
486    C     1.526        117.829
493    N     1.341        121.896
494    CA    1.467        116.169
495    C     1.521        116.722
500    N     1.341        120.422
501    CA    1.463        110.507
502    C     1.528        116.009
507    N     1.327        122.202
508    CA    1.458        109.557
509    C     1.529        115.812
516    N     1.331        121.847
517    CA    1.454        112.289
518    C     1.522        114.351
524    N     1.323        122.627
525    CA    1.447        107.109
526    C     1.528        116.536
530    N     1.327        121.827
531    CA    1.459        108.566
532    C     1.523        117.176
541    N     1.327        121.731
542    CA    1.468        110.558
543    C     1.527        116.006
548    N     1.329        123.259
549    CA    1.451        111.967
550    C     1.522        116.573
555    N     1.333        122.014
556    CA    1.461        108.943
557    C     1.53         115.753
564    N     1.327        121.119
565    CA    1.45         110.989
566    C     1.524        116.015
572    N     1.327        122.64
573    CA    1.458        106.737
574    C     1.525        115.907
584    N     1.329        123.197
585    CA    1.462        107.367
586    C     1.528        117.524
594    N     1.341        121.1
595    CA    1.466        114.774
596    C     1.536        116.885
601    N     1.332        121.902
602    CA    1.465        113.991
603    C     1.512        116.069
609    N     1.323        121.251
610    CA    1.451        105.201
611    C     1.519        116.568
617    N     1.329        121.08
618    CA    1.452        113.292
619    C     1.519        115.232
625    N     1.332        122.99
626    CA    1.456        113.966
627    C     1.525        117.969
630    N     1.332        120.412
631    CA    1.467        113.884
632    C     1.527        116.623
638    N     1.33         120.726
639    CA    1.452        115.179
640    C     1.515        116.768
642    N     1.33         121.001
643    CA    1.453        108.872
644    C     1.502        116.036
650    N     1.321        120.681
651    CA    1.454        111.842
652    C     1.529        117.556
658    N     1.328        119.625
659    CA    1.458        106.244
660    C     1.522        116.462
664    N     1.326        121.305
665    CA    1.456        106.394
666    C     1.521        116.196
672    N     1.327        122.614
673    CA    1.463        115.497
674    C     1.534        116.888
680    N     1.33         121.153
681    CA    1.455        116.364
682    C     1.515        117.632
688    N     1.323        119.922
689    CA    1.458        105.062
690    C     1.507        114.782
696    N     1.329        121.812
697    CA    1.449        113.363
698    C     1.532        115.559
705    N     1.327        122.539
706    CA    1.457        116.419
707    C     1.505        117.265
713    N     1.321        118.926
714    CA    1.444        113.45
715    C     1.513        116.349
722    N     1.326        119.048
723    CA    1.445        109.093
724    C     1.515        116.002
736    N     1.327        121.563
737    CA    1.448        111.016
738    C     1.521        117.476
742    N     1.343        124.05
743    CA    1.468        114.873
744    C     1.537        117.032
749    N     1.328        121.929
750    CA    1.457        112.302
751    C     1.513        116.729
754    N     1.33         122.156
755    CA    1.466        111.859
756    C     1.525        116.035
762    N     1.329        121.441
763    CA    1.458        108.896
764    C     1.523        115.712
769    N     1.33         121.736
770    CA    1.452        107.944
771    C     1.524        116.859
777    N     1.329        119.972
778    CA    1.451        109.444
779    C     1.517        116.712
783    N     1.326        120.305
784    CA    1.457        108.64
785    C     1.538        115.899
792    N     1.329        122.143
793    CA    1.454        109.098
794    C     1.53         115.961
799    N     1.331        121.45
800    CA    1.455        110.585
801    C     1.522        116.293
807    N     1.33         121.895
808    CA    1.46         111.932
809    C     1.513        116.461
815    N     1.327        121.88
816    CA    1.459        110.738
817    C     1.523        115.999
821    N     1.33         121.528
822    CA    1.45         109.682
823    C     1.539        118.781
829    N     1.34         120.593
830    CA    1.477        105.201
831    C     1.544        116.339
835    N     1.335        123.602
836    CA    1.468        115.072
837    C     1.523        116.652
841    N     1.324        121.228
842    CA    1.446        110.231
843    C     1.513        116.191
849    N     1.333        122.635
850    CA    1.461        109.789
851    C     1.52         115.425
857    N     1.326        121.957
858    CA    1.456        107.859
859    C     1.521        116.019
864    N     1.327        121.155
865    CA    1.454        110.831
866    C     1.517        115.173
872    N     1.326        121.918
873    CA    1.45         109.63
874    C     1.523        115.684
877    N     1.325        122.36
878    CA    1.45         106.715
879    C     1.536        117.63
885    N     1.344        122.113
886    CA    1.468        114.857
887    C     1.53         116.336
892    N     1.333        122.281
893    CA    1.462        112.566
894    C     1.53         116.307
900    N     1.329        122.462
901    CA    1.46         105.933
902    C     1.52         117.0
908    N     1.344        123.302
909    CA    1.462        115.561
910    C     1.526        116.183
915    N     1.334        121.936
916    CA    1.462        107.648
917    C     1.545        115.596
923    N     1.334        124.152
924    CA    1.464        103.057
925    C     1.529        117.369
930    N     1.347        122.72
931    CA    1.466        116.792
932    C     1.528        117.834
937    N     1.331        119.351
938    CA    1.455        109.42
939    C     1.532        116.763
946    N     1.33         120.554
947    CA    1.456        111.377
948    C     1.521        116.194
954    N     1.327        121.536
955    CA    1.46         110.77
956    C     1.522        116.318
959    N     1.331        120.571
960    CA    1.452        111.98
961    C     1.521        116.568
969    N     1.326        120.693
970    CA    1.451        107.476
971    C     1.517        115.676
977    N     1.322        121.549
978    CA    1.454        112.499
979    C     1.538        116.646
989    N     1.332        122.156
990    CA    1.463        115.599
991    C     1.529        117.016
998    N     1.33         120.538
999    CA    1.457        118.732
1000   C     1.537        118.719
1005   N     1.331        120.419
1006   CA    1.472        110.952
1007   C     1.525        114.717
1013   N     1.328        123.542
1014   CA    1.449        112.582
1015   C     1.533        117.963
1024   N     1.345        118.304
1025   CA    1.467        113.906
1026   C     1.53         116.49
1031   N     1.331        121.972
1032   CA    1.459        108.744
1033   C     1.524        115.973
1040   N     1.329        122.048
1041   CA    1.457        112.086
1042   C     1.528        116.397
1052   N     1.32         120.656
1053   CA    1.453        110.073
1054   C     1.524        115.622
1061   N     1.331        121.819
1062   CA    1.458        110.483
1063   C     1.52         116.798
1066   N     1.331        121.98
1067   CA    1.456        111.868
1068   C     1.521        117.018
1073   N     1.329        121.005
1074   CA    1.458        109.2
1075   C     1.522        116.206
1078   N     1.332        121.55
1079   CA    1.463        112.194
1080   C     1.528        117.537
1089   N     1.328        120.094
1090   CA    1.455        110.804
1091   C     1.527        115.741
1098   N     1.329        122.236
1099   CA    1.451        112.087
1100   C     1.513        117.018
1112   N     1.327        119.184
1113   CA    1.453        107.978
1114   C     1.53         116.652
1119   N     1.336        122.199
1120   CA    1.468        112.405
1121   C     1.521        116.031
1128   N     1.328        122.31
1129   CA    1.455        115.157
1130   C     1.523        115.806
1137   N     1.33         122.965
1138   CA    1.464        120.524
1139   C     1.532        117.852
1149   N     1.329        121.509
1150   CA    1.461        113.566
1151   C     1.518        115.25
1154   N     1.322        122.454
1155   CA    1.451        106.861
1156   C     1.527        N/A
